CELL: 6.242668645018780 8.828466663186832 25.984838289116198
MESH_SPACING: 0.10
BC: P P D
EXCHANGE_CORRELATION: GGA_PBE
TOL_SCF: 1e-5
SMEARING: 0.001
ELEC_TEMP_TYPE: fd
CALC_STRESS: 1
MIXING_PARAMETER: 0.15


